37.523663,139.939448,-68
37.523662,139.939447,-69
37.523655,139.939440,-67
37.523653,139.939437,-69
37.523652,139.939427,-69
37.523652,139.939425,-68
37.523648,139.939415,-68
37.523642,139.939395,-69
37.523642,139.939392,-68
37.523640,139.939388,-70
37.523640,139.939387,-68
37.523642,139.939383,-68
37.523642,139.939383,-68
37.523643,139.939382,-69
37.523643,139.939380,-69
37.523647,139.939378,-68
37.523647,139.939377,-73
37.523647,139.939375,-69
37.523648,139.939377,-70
37.523650,139.939375,-68
37.523653,139.939377,-69
37.523657,139.939378,-68
37.523658,139.939378,-68
37.523663,139.939378,-68
37.523670,139.939377,-67
37.523672,139.939377,-69
37.523708,139.939373,-67
37.523713,139.939378,-68
37.523715,139.939380,-68
37.523717,139.939380,-67
37.523718,139.939378,-71
37.523720,139.939377,-68
37.523718,139.939372,-67
37.523712,139.939355,-67
37.523713,139.939352,-67
37.523687,139.939303,-69
37.523683,139.939297,-69
37.523673,139.939282,-69
37.523673,139.939280,-69
37.523673,139.939275,-69
37.523673,139.939273,-68
37.523685,139.939270,-68
37.523687,139.939270,-70
37.523680,139.939273,-70
37.523685,139.939277,-70
37.523695,139.939308,-70
37.523692,139.939310,-69
37.523687,139.939313,-71
37.523692,139.939323,-70
37.523697,139.939330,-71
37.523698,139.939333,-70
37.523700,139.939335,-72
37.523703,139.939333,-71
37.523703,139.939330,-72
37.523692,139.939318,-71
37.523690,139.939315,-70
37.523687,139.939307,-69
37.523685,139.939305,-70
37.523677,139.939293,-71
37.523675,139.939292,-77
37.523672,139.939292,-70
37.523672,139.939293,-71
37.523672,139.939287,-70
37.523667,139.939277,-70
37.523667,139.939275,-69
37.523667,139.939278,-68
37.523667,139.939278,-69
37.523670,139.939278,-75
37.523700,139.939285,-69
37.523703,139.939285,-69
37.523717,139.939293,-69
37.523720,139.939293,-70
37.523738,139.939313,-70
37.523743,139.939312,-70
37.523837,139.939328,-69
