37.523650,139.939425,-36
37.523650,139.939423,-46
37.523650,139.939422,-46
37.523648,139.939420,-45
37.523648,139.939418,-52
37.523648,139.939417,-70
37.523647,139.939413,-38
37.523647,139.939412,-46
37.523645,139.939408,-48
37.523645,139.939407,-47
37.523645,139.939405,-52
37.523645,139.939403,-52
37.523643,139.939402,-70
37.523673,139.939273,-38
37.523673,139.939272,-46
37.523673,139.939270,-45
37.523673,139.939270,-44
37.523673,139.939270,-51
37.523673,139.939268,-50
37.523673,139.939268,-63
37.523790,139.939325,-32
37.523802,139.939330,-42
37.523812,139.939330,-44
37.523815,139.939332,-44
37.523828,139.939338,-67
