37.523643,139.939398,-82
37.523640,139.939385,-83
37.523645,139.939378,-82
37.523645,139.939378,-83
37.523658,139.939378,-81
37.523663,139.939378,-83
37.523718,139.939380,-82
37.523690,139.939308,-83
37.523673,139.939267,-80
37.523677,139.939265,-82
37.523680,139.939267,-81
37.523692,139.939285,-81
37.523688,139.939315,-82
37.523697,139.939332,-82
37.523705,139.939333,-83
37.523677,139.939295,-83
37.523673,139.939292,-82
37.523673,139.939292,-82
37.523673,139.939283,-82
37.523695,139.939288,-82
37.523705,139.939285,-82
37.523722,139.939293,-83
37.523833,139.939337,-85
